%% PARAMETERS
% INITIALISATION OF THE MODEL PARAMETER
% STATUS: TESTING

%% General
SimulTime = 200;
Vorschub=5
Kraft=5
%T_amb     = 296;    % [K] Ambient Temperature

%% CNC
%Job.omega_dem  = [ 200, 50, 1500,50, 1500,50,1300,50,1200,50,1100,50]/30*pi;  %rad/s
%Job.M_dem      = [ 25,  5, 80,  5, 80,5,80,5,45,5,35,5];
hsp=200; %Spindelsteigung [mm];
m = 30; %Gewicht[kg];
r= 0.2;  %Reibung;
%cphi=cos(pi/4)
%sphi=sin(pi/2)
%% Main Drive
MainDrive.Pmax = 2*4000;  % [W] Maximum mechanical shaft power
MainDrive.Theta = .03;    % [m^2 kg] Main drive inertia
MainDrive.Tabelomega= [150	300	450	600	750	900	1050	1200	1350	1500	1650	1800	1950	2100	2250	2400	2550	2700	2850	3000];
MainDrive.TabelM = [0.5	1	1.5	2	2.5	3	3.5	4	4.5	5	5.5	6	6.5	7	7.5	8	8.5	9	9.5];
MainDrive.Tabeleta=([     
 0.15	0.25	0.31	0.38	0.40	0.42	0.43	0.44	0.43	0.43	0.43	0.42	0.42	0.41	0.41	0.40	0.40	0.40	0.39
 0.23	0.38	0.43	0.52	0.55	0.58	0.59	0.60	0.60	0.60	0.60	0.60	0.60	0.59	0.58	0.58	0.58	0.58	0.57
 0.30	0.45	0.55	0.60	0.62	0.64	0.65	0.65	0.66	0.66	0.66	0.65	0.64	0.63	0.63	0.62	0.64	0.64	0.63
 0.35	0.52	0.60	0.65	0.67	0.70	0.71	0.70	0.71	0.71	0.71	0.70	0.70	0.69	0.69	0.67	0.69	0.68	0.67
 0.40	0.58	0.62	0.67	0.70	0.73	0.75	0.75	0.76	0.76	0.76	0.77	0.77	0.76	0.74	0.72	0.74	0.73	0.73
 0.42	0.60	0.64	0.69	0.72	0.75	0.78	0.78	0.80	0.80	0.80	0.80	0.79	0.78	0.78	0.78	0.78	0.76	0.77
 0.45	0.61	0.66	0.70	0.74	0.78	0.80	0.81	0.82	0.82	0.82	0.82	0.82	0.82	0.82	0.82	0.81	0.80	0.80
 0.47	0.61	0.68	0.71	0.76	0.80	0.81	0.82	0.83	0.84	0.84	0.84	0.84	0.83	0.83	0.83	0.83	0.81	0.81
 0.49	0.62	0.70	0.72	0.78	0.82	0.82	0.83	0.84	0.85	0.85	0.85	0.85	0.84	0.84	0.84	0.84	0.82	0.82
 0.50	0.62	0.71	0.73	0.80	0.84	0.83	0.84	0.85	0.86	0.86	0.86	0.86	0.85	0.85	0.85	0.85	0.83	0.83
 0.51	0.63	0.72	0.74	0.81	0.83	0.84	0.85	0.86	0.85	0.87	0.87	0.87	0.86	0.86	0.86	0.86	0.84	0.84
 0.52	0.64	0.73	0.76	0.82	0.82	0.85	0.84	0.85	0.84	0.86	0.86	0.86	0.86	0.86	0.86	0.86	0.85	0.85
 0.53	0.65	0.74	0.78	0.83	0.82	0.84	0.83	0.84	0.84	0.85	0.85	0.85	0.86	0.86	0.86	0.86	0.85	0.85
 0.55	0.66	0.75	0.79	0.84	0.84	0.83	0.84	0.85	0.85	0.85	0.85	0.85	0.86	0.86	0.86	0.86	0.85	0.85
 0.56	0.67	0.76	0.80	0.85	0.86	0.85	0.85	0.86	0.86	0.85	0.85	0.85	0.86	0.86	0.86	0.86	0.85	0.85
 0.58	0.70	0.78	0.82	0.86	0.87	0.87	0.86	0.87	0.87	0.86	0.86	0.86	0.86	0.86	0.86	0.86	0.84	0.84
 0.59	0.72	0.80	0.84	0.87	0.88	0.88	0.88	0.88	0.88	0.86	0.86	0.86	0.85	0.85	0.85	0.85	0.83	0.83
 0.60	0.74	0.81	0.86	0.88	0.89	0.89	0.87	0.88	0.88	0.86	0.86	0.86	0.85	0.85	0.85	0.85	0.83	0.83
 0.62	0.76	0.82	0.86	0.88	0.89	0.89	0.87	0.88	0.88	0.86	0.86	0.86	0.85	0.85	0.85	0.85	0.84	0.84
 0.63	0.78	0.83	0.87	0.88	0.89	0.89	0.87	0.88	0.88	0.86	0.86	0.86	0.85	0.85	0.85	0.85	0.84	0.84
]);
